chr1	248956422	123456	7890
chr2	242193529	234567	8901
chr3	198295559	345678	9012
chr4	190214555	456789	1234
chr5	181538259	567890	2345
chr6	170805979	678901	3456
chr7	159345973	789012	4567
chr8	145138636	890123	5678
chr9	138394717	901234	6789
chr10	133797422	123456	7890
chr11	135086622	234567	8901
chr12	133275309	345678	9012
chr13	114364328	456789	1234
chr14	107043718	567890	2345
chr15	101991189	678901	3456
chr16	90338345	789012	4567
chr17	83257441	890123	5678
chr18	80373285	901234	6789
chr19	58617616	123456	7890
chr20	64444167	234567	8901
chr21	46709983	345678	9012
chr22	50818468	456789	1234
chrX	156040895	567890	2345
chrY	57227415	678901	3456
chrM	16569	789012	4567
chrEBV	171823	1495208	7623
*	0	0	6200794